0.174494 0.0527667 0.0139145
0.298159 0.0937545 0.0165562
0.141667 0.0810793 0.0222456
0.385438 0.089209 0.0248648
0.219151 0.055894 0.0242766
0.0567726 0.100733 0.0228611
0.406607 0.180043 0.0114063
0.0479205 0.0492273 0.0100557
0.0885793 0.177863 0.0218028
0.110821 0.0353251 0.0239549
0.135972 0.131406 0.0102535
0.0346229 0.147003 0.0160954
0.172515 0.0201027 0.0106561
0.311781 0.043982 0.0193083
0.431705 0.0843036 0.0121242
0.251472 0.150536 0.0124693
0.185047 0.158357 0.0124279
0.154989 0.152197 0.0112268
0.211859 0.111467 0.015723
0.173072 0.107407 0.0101379
0.405558 0.143125 0.0199823
0.303921 0.175782 0.0208118
0.337411 0.0756302 0.015548
0.413173 0.0308428 0.0199523
0.0180822 0.115726 0.0136754
0.344016 0.0273122 0.0116312
0.343533 0.154036 0.0142175
0.0982369 0.110025 0.015616
0.028941 0.0209485 0.0187671
0.248857 0.0914414 0.0173147
0.299748 0.131866 0.0160668
0.217509 0.146098 0.0123816
0.370592 0.129332 0.0138956
0.239345 0.184347 0.0109916
0.0139328 0.183927 0.0123371
0.344324 0.106744 0.0129936
0.379722 0.0214304 0.0121567
0.0201385 0.0613403 0.0171268
0.265794 0.0573065 0.0165153
0.270234 0.0210232 0.0114785
0.0651022 0.144736 0.0109356
0.244873 0.0144088 0.010203
0.365507 0.0542991 0.0124617
0.0726975 0.0660156 0.0125188
0.195309 0.0110711 0.0107678