0.0097821 0.00449045 0.00110339
0.00999078 0.0086594 0.00177032
0.00676227 0.0121027 0.00180381
0.0025498 0.00477258 0.00170022
0.00217458 0.0127629 0.00150733
0.00671812 0.00296256 0.0016978
0.0138406 0.0046247 0.00106757
0.011864 0.0119648 0.00135364
0.00500847 0.00788806 0.00139552
0.00225246 0.00916868 0.00118867
0.0114451 0.0017614 0.00175459
0.0131239 0.00898326 0.0011295
0.0120136 0.00642465 0.001133
0.00397406 0.00191101 0.00101434
0.00123775 0.00203149 0.00121881
0.00788208 0.00581446 0.0011542  